-0.333330000000000
-0.312661721274000
-0.293262976299000
-0.275054998280000
-0.257963855421000
-0.241920150731000
-0.226858740245000
-0.212718468509000
-0.199441920270000
-0.186975187341000
-0.175267649718000
-0.164271770036000
-0.153942900551000
-0.144239101851000
-0.135120972569000
-0.126551489390000
-0.118495856728000
-0.110921365437000
-0.103797260003000
-9.709461365909999E-002
-9.078621093630000E-002
-8.484643715329999E-002
-7.925117441300000E-002
-7.397770367299999E-002
-6.900461249730000E-002
-6.431170811299999E-002
-5.987993541990000E-002
-5.569129961820000E-002
-5.172879314310000E-002
-4.797632660670000E-002
-4.441866346870000E-002
-4.104135816990000E-002
-3.783069747710000E-002
-3.477364480210000E-002
-3.185778726780000E-002
-2.907128530670000E-002
-2.640282458740000E-002
-2.384157007420000E-002
-2.137712203200000E-002
-1.899947379960000E-002
-1.669897115810000E-002
-1.446627313110000E-002
-1.229231405650000E-002
-1.016826677640000E-002
-8.085506794949999E-003
-6.035577259530000E-003
-4.010154622500000E-003
-2.001014844200000E-003
0.000000000000000E+000
2.001968367040000E-003
4.011887597850000E-003
6.029913795760000E-003
8.056205200680001E-003
1.009092224330000E-002
1.213422760060000E-002
1.418628625240000E-002
1.624726554020000E-002
1.831733522620000E-002
2.039666755470000E-002
2.248543731500000E-002
2.458382190520000E-002
2.669200139860000E-002
2.881015861120000E-002
3.093847917080000E-002
3.307715158840000E-002
3.522636733110000E-002
3.738632089750000E-002
3.955720989380000E-002
4.173923511390000E-002
4.393260061960000E-002
4.613751382460000E-002
4.835418558000000E-002
5.058283026210000E-002
5.282366586310000E-002
5.507691408390000E-002
5.734280042980000E-002
5.962155430870000E-002
6.191340913230000E-002
6.421860241959999E-002
6.653737590479999E-002
6.886997564640000E-002
7.121665214090001E-002
7.357766043930000E-002
7.595326026740000E-002
7.834371614890000E-002
8.074929753310001E-002
8.317027892560000E-002
8.560694002410001E-002
8.805956585650000E-002
9.052844692560000E-002
9.301387935570000E-002
9.551616504610000E-002
9.803561182770000E-002
0.100572533625000
0.103127250624000
0.105700089445000
0.108291383317000
0.110901472269000
0.113530703311000
0.116179430637000
0.118848015822000
0.121536828034000
0.124246244251000
0.126976649479000
0.129728436987000
0.132502008543000
0.135297774663000
0.138116154862000
0.140957577921000
0.143822482155000
0.146711315702000
0.149624536808000
0.152562614133000
0.155526027063000
0.158515266035000
0.161530832868000
0.164573241120000
0.167643016437000
0.170740696935000
0.173866833586000
0.177021990614000
0.180206745919000
0.183421691503000
0.186667433923000
0.189944594753000
0.193253811070000
0.196595735954000
0.199971039007000
0.203380406902000
0.206824543936000
0.210304172623000
0.213820034298000
0.217372889750000
0.220963519883000
0.224592726396000
0.228261332499000
0.231970183654000
0.235720148350000
0.239512118903000
0.243347012301000
0.247225771073000
0.251149364206000
0.255118788089000
0.259135067513000
0.263199256698000
0.267312440379000
0.271475734935000
0.275690289562000
0.279957287508000
0.284277947361000
0.288653524394000
0.293085311970000
0.297574643019000
0.302122891576000
0.306731474395000
0.311401852641000
0.316135533661000
0.320934072836000
0.325799075532000
0.330732199141000
0.335735155220000
0.340809711741000
0.345957695453000
0.351180994364000
0.356481560345000
0.361861411874000
0.367322636920000
0.372867395974000
0.378497925251000
0.384216540046000
0.390025638288000
0.395927704274000
0.401925312614000
0.408021132388000
0.414217931545000
0.420518581537000
0.426926062226000
0.433443467069000
0.440074008599000
0.446821024236000
0.453687982432000
0.460678489188000
0.467796294960000
0.475045301991000
0.482429572083000
0.489953334864000
0.497620996568000
0.505437149367000
0.513406581312000
0.521534286909000
0.529825478393000
0.538285597744000
0.546920329514000
0.555735614514000
0.564737664447000
0.573932977553000
0.583328355342000
0.592930920526000
0.602748136232000
0.612787826608000
0.623058198950000
0.633567867472000
0.644325878870000
0.655341739835000
0.666625446697000
0.678187517387000
0.690039025937000
0.702191639759000
0.714657659953000
0.727450064961000
0.740582557861000
0.754069617700000
0.767926555235000
0.782169573563000
0.796815834121000
0.811883528639000
0.827391957677000
0.843361616446000
0.859814288736000
0.876773149838000
0.894262879504000
0.912309786074000
0.930941943112000
0.950189340033000
0.970084048409000
0.990660405919000
1.01195522014000
1.03343445448000
1.05491368883000
1.07639292317000
1.09787215752000
1.11935139186000
1.14083062621000
1.16230986055000
1.18378909490000
1.20526832924000
1.22674756359000
1.24822679793000
1.26970603228000
1.29118526662000
1.31266450097000
1.33414373531000
1.35562296966000
1.37710220400000
1.39858143835000
1.42006067269000
1.44153990704000
1.46301914138000
1.48449837572000
1.50597761007000
1.52745684441000
1.54893607876000
1.57041531310000
1.59189454745000
1.61337378179000
1.63485301614000
1.65633225048000
1.67781148483000
1.69929071917000
1.72076995352000
1.74224918786000
1.76372842221000
1.78520765655000
1.80668689090000
1.82816612524000
1.84964535959000
1.87112459393000
1.89260382828000
1.91408306262000
1.93556229697000
1.95704153131000
1.97852076566000
2.00000000000000
